t1 = 1.66453065430033  Point on first curve is (226.600718111928, 498.902538370187)
t2 = 6.8466300480527  Point on second curve is (221.653596702151, 551.525994184302)
Doesn't look like intersection
